0 47
1 46
2 45
3 44
4 43
5 42
6 41
7 40
8 39
9 38
10 37
11 36
12 35
13 34
14 33
15 32
16 63
17 62
18 61
19 60
20 59
21 58
22 57
23 56
24 55
25 54
26 53
27 52
28 51
29 50
30 49
31 48
32 79
33 78
34 77
35 76
36 75
37 74
38 73
39 72
40 71
41 70
42 69
43 68
44 67
45 66
46 65
47 64
48 95
49 94
50 93
51 92
52 91
53 90
54 89
55 88
56 87
57 86
58 85
59 84
60 83
61 82
62 81
63 80
64 96
65 97
66 98
67 99
68 100
69 101
70 102
71 103
72 104
73 105
74 106
75 107
76 108
77 109
78 110
79 111
80 112
81 113
82 114
83 115
84 116
85 117
86 118
87 119
88 120
89 121
90 122
91 123
92 124
93 125
94 126
95 127
100 1015
101 1014
102 1013
103 1012
104 1011
105 1010
106 1009
107 1008
108 1007
109 1006
110 1005
111 1004
112 1003
113 1002
114 1001
115 1000
116 1031
117 1030
118 1029
119 1028
120 1027
121 1026
122 1025
123 1024
124 1023
125 1022
126 1021
127 1020
128 1019
129 1018
130 1017
131 1016
132 1047
133 1046
134 1045
135 1044
136 1043
137 1042
138 1041
139 1040
140 1039
141 1038
142 1037
143 1036
144 1035
145 1034
146 1033
147 1032
148 1063
149 1062
150 1061
151 1060
152 1059
153 1058
154 1057
155 1056
156 1055
157 1054
158 1053
159 1052
160 1051
161 1050
162 1049
163 1048
164 1064
165 1065
166 1066
167 1067
168 1068
169 1069
170 1070
171 1071
172 1072
173 1073
174 1074
175 1075
176 1076
177 1077
178 1078
179 1079
180 1080
181 1081
182 1082
183 1083
184 1084
185 1085
186 1086
187 1087
188 1088
189 1089
190 1090
191 1091
192 1092
193 1093
194 1094
195 1095
200 1111
201 1110
202 1109
203 1108
204 1107
205 1106
206 1105
207 1104
208 1103
209 1102
210 1101
211 1100
212 1099
213 1098
214 1097
215 1096
216 1127
217 1126
218 1125
219 1124
220 1123
221 1122
222 1121
223 1120
224 1119
225 1118
226 1117
227 1116
228 1115
229 1114
230 1113
231 1112
232 2015
233 2014
234 2013
235 2012
236 2011
237 2010
238 2009
239 2008
240 2007
241 2006
242 2005
243 2004
244 2003
245 2002
246 2001
247 2000
248 2031
249 2030
250 2029
251 2028
252 2027
253 2026
254 2025
255 2024
256 2023
257 2022
258 2021
259 2020
260 2019
261 2018
262 2017
263 2016
264 2032
265 2033
266 2034
267 2035
268 2036
269 2037
270 2038
271 2039
272 2040
273 2041
274 2042
275 2043
276 2044
277 2045
278 2046
279 2047
280 2048
281 2049
282 2050
283 2051
284 2052
285 2053
286 2054
287 2055
288 2056
289 2057
290 2058
291 2059
292 2060
293 2061
294 2062
295 2063
300 2079
301 2078
302 2077
303 2076
304 2075
305 2074
306 2073
307 2072
308 2071
309 2070
310 2069
311 2068
312 2067
313 2066
314 2065
315 2064
316 2095
317 2094
318 2093
319 2092
320 2091
321 2090
322 2089
323 2088
324 2087
325 2086
326 2085
327 2084
328 2083
329 2082
330 2081
331 2080
332 2111
333 2110
334 2109
335 2108
336 2107
337 2106
338 2105
339 2104
340 2103
341 2102
342 2101
343 2100
344 2099
345 2098
346 2097
347 2096
348 2127
349 2126
350 2125
351 2124
352 2123
353 2122
354 2121
355 2120
356 2119
357 2118
358 2117
359 2116
360 2115
361 2114
362 2113
363 2112
364 3000
365 3001
366 3002
367 3003
368 3004
369 3005
370 3006
371 3007
372 3008
373 3009
374 3010
375 3011
376 3012
377 3013
378 3014
379 3015
380 3016
381 3017
382 3018
383 3019
384 3020
385 3021
386 3022
387 3023
388 3024
389 3025
390 3026
391 3027
392 3028
393 3029
394 3030
395 3031
400 3047
401 3046
402 3045
403 3044
404 3043
405 3042
406 3041
407 3040
408 3039
409 3038
410 3037
411 3036
412 3035
413 3034
414 3033
415 3032
416 3063
417 3062
418 3061
419 3060
420 3059
421 3058
422 3057
423 3056
424 3055
425 3054
426 3053
427 3052
428 3051
429 3050
430 3049
431 3048
432 3079
433 3078
434 3077
435 3076
436 3075
437 3074
438 3073
439 3072
440 3071
441 3070
442 3069
443 3068
444 3067
445 3066
446 3065
447 3064
448 3095
449 3094
450 3093
451 3092
452 3091
453 3090
454 3089
455 3088
456 3087
457 3086
458 3085
459 3084
460 3083
461 3082
462 3081
463 3080
464 3096
465 3097
466 3098
467 3099
468 3100
469 3101
470 3102
471 3103
472 3104
473 3105
474 3106
475 3107
476 3108
477 3109
478 3110
479 3111
480 3112
481 3113
482 3114
483 3115
484 3116
485 3117
486 3118
487 3119
488 3120
489 3121
490 3122
491 3123
492 3124
493 3125
494 3126
495 3127
