47 0
46 1
45 2
44 3
43 4
42 5
41 6
40 7
39 8
38 9
37 10
36 11
35 12
34 13
33 14
32 15
63 16
62 17
61 18
60 19
59 20
58 21
57 22
56 23
55 24
54 25
53 26
52 27
51 28
50 29
49 30
48 31
79 32
78 33
77 34
76 35
75 36
74 37
73 38
72 39
71 40
70 41
69 42
68 43
67 44
66 45
65 46
64 47
95 48
94 49
93 50
92 51
91 52
90 53
89 54
88 55
87 56
86 57
85 58
84 59
83 60
82 61
81 62
80 63
96 64
97 65
98 66
99 67
100 68
101 69
102 70
103 71
104 72
105 73
106 74
107 75
108 76
109 77
110 78
111 79
112 80
113 81
114 82
115 83
116 84
117 85
118 86
119 87
120 88
121 89
122 90
123 91
124 92
125 93
126 94
127 95
1015 100
1014 101
1013 102
1012 103
1011 104
1010 105
1009 106
1008 107
1007 108
1006 109
1005 110
1004 111
1003 112
1002 113
1001 114
1000 115
1031 116
1030 117
1029 118
1028 119
1027 120
1026 121
1025 122
1024 123
1023 124
1022 125
1021 126
1020 127
1019 128
1018 129
1017 130
1016 131
1047 132
1046 133
1045 134
1044 135
1043 136
1042 137
1041 138
1040 139
1039 140
1038 141
1037 142
1036 143
1035 144
1034 145
1033 146
1032 147
1063 148
1062 149
1061 150
1060 151
1059 152
1058 153
1057 154
1056 155
1055 156
1054 157
1053 158
1052 159
1051 160
1050 161
1049 162
1048 163
1064 164
1065 165
1066 166
1067 167
1068 168
1069 169
1070 170
1071 171
1072 172
1073 173
1074 174
1075 175
1076 176
1077 177
1078 178
1079 179
1080 180
1081 181
1082 182
1083 183
1084 184
1085 185
1086 186
1087 187
1088 188
1089 189
1090 190
1091 191
1092 192
1093 193
1094 194
1095 195
1111 200
1110 201
1109 202
1108 203
1107 204
1106 205
1105 206
1104 207
1103 208
1102 209
1101 210
1100 211
1099 212
1098 213
1097 214
1096 215
1127 216
1126 217
1125 218
1124 219
1123 220
1122 221
1121 222
1120 223
1119 224
1118 225
1117 226
1116 227
1115 228
1114 229
1113 230
1112 231
2015 232
2014 233
2013 234
2012 235
2011 236
2010 237
2009 238
2008 239
2007 240
2006 241
2005 242
2004 243
2003 244
2002 245
2001 246
2000 247
2031 248
2030 249
2029 250
2028 251
2027 252
2026 253
2025 254
2024 255
2023 256
2022 257
2021 258
2020 259
2019 260
2018 261
2017 262
2016 263
2032 264
2033 265
2034 266
2035 267
2036 268
2037 269
2038 270
2039 271
2040 272
2041 273
2042 274
2043 275
2044 276
2045 277
2046 278
2047 279
2048 280
2049 281
2050 282
2051 283
2052 284
2053 285
2054 286
2055 287
2056 288
2057 289
2058 290
2059 291
2060 292
2061 293
2062 294
2063 295
2079 300
2078 301
2077 302
2076 303
2075 304
2074 305
2073 306
2072 307
2071 308
2070 309
2069 310
2068 311
2067 312
2066 313
2065 314
2064 315
2095 316
2094 317
2093 318
2092 319
2091 320
2090 321
2089 322
2088 323
2087 324
2086 325
2085 326
2084 327
2083 328
2082 329
2081 330
2080 331
2111 332
2110 333
2109 334
2108 335
2107 336
2106 337
2105 338
2104 339
2103 340
2102 341
2101 342
2100 343
2099 344
2098 345
2097 346
2096 347
2127 348
2126 349
2125 350
2124 351
2123 352
2122 353
2121 354
2120 355
2119 356
2118 357
2117 358
2116 359
2115 360
2114 361
2113 362
2112 363
3000 364
3001 365
3002 366
3003 367
3004 368
3005 369
3006 370
3007 371
3008 372
3009 373
3010 374
3011 375
3012 376
3013 377
3014 378
3015 379
3016 380
3017 381
3018 382
3019 383
3020 384
3021 385
3022 386
3023 387
3024 388
3025 389
3026 390
3027 391
3028 392
3029 393
3030 394
3031 395
3047 400
3046 401
3045 402
3044 403
3043 404
3042 405
3041 406
3040 407
3039 408
3038 409
3037 410
3036 411
3035 412
3034 413
3033 414
3032 415
3063 416
3062 417
3061 418
3060 419
3059 420
3058 421
3057 422
3056 423
3055 424
3054 425
3053 426
3052 427
3051 428
3050 429
3049 430
3048 431
3079 432
3078 433
3077 434
3076 435
3075 436
3074 437
3073 438
3072 439
3071 440
3070 441
3069 442
3068 443
3067 444
3066 445
3065 446
3064 447
3095 448
3094 449
3093 450
3092 451
3091 452
3090 453
3089 454
3088 455
3087 456
3086 457
3085 458
3084 459
3083 460
3082 461
3081 462
3080 463
3096 464
3097 465
3098 466
3099 467
3100 468
3101 469
3102 470
3103 471
3104 472
3105 473
3106 474
3107 475
3108 476
3109 477
3110 478
3111 479
3112 480
3113 481
3114 482
3115 483
3116 484
3117 485
3118 486
3119 487
3120 488
3121 489
3122 490
3123 491
3124 492
3125 493
3126 494
3127 495
